48
10 9
273 19 162 316 270 400 346 108 56 208 
9 3
22 68 467 131 491 150 99 141 105 
8 2
392 28 369 406 287 168 277 103 
2 1
117 107 
4 4
304 23 423 363 
2 9
236 259 
10 2
101 191 317 94 296 436 314 39 463 34 
6 6
201 72 204 344 219 320 
3 1
188 106 157 
10 7
348 333 56 458 374 274 58 64 90 3 
1 8
317 
10 3
202 397 440 255 321 496 98 39 315 400 
2 1
6 180 
4 2
27 296 233 336 
1 4
246 
4 4
248 147 323 416 
6 3
118 144 453 372 464 448 
9 6
263 369 26 116 226 57 79 403 84 
6 5
271 246 493 16 182 439 
4 9
262 179 75 275 
6 7
227 167 34 175 488 387 
9 7
264 404 81 321 483 335 256 60 469 
6 6
313 42 487 252 305 166 
5 9
240 139 483 309 365 
9 3
391 136 81 179 343 344 435 275 16 
9 9
271 328 78 297 485 390 190 323 493 
6 3
357 180 79 495 162 388 
2 8
81 102 
10 2
133 493 357 419 267 224 187 228 495 366 
5 7
351 46 332 173 391 
9 5
247 208 91 94 222 330 305 236 411 
6 2
423 390 229 131 308 348 
5 9
75 201 212 231 343 
4 9
26 86 18 54 
8 7
113 41 210 186 370 14 421 132 
1 1
407 
3 1
389 172 233 
3 1
159 443 81 
9 9
494 369 14 431 386 419 381 354 384 
1 3
69 
2 3
490 274 
1 2
32 
3 2
420 234 117 
3 4
127 457 183 
8 7
28 236 311 459 473 230 191 327 
3 8
241 33 104 
9 9
377 71 20 260 133 404 180 218 372 
4 6
498 2 207 365 
